date,commits
2011-08-06,1
2014-07-01,1
2019-10-05,1
2019-11-15,1
